area codes,area names,very low,low,medium,high,averageK02000001,United Kingdom,39.83,23.23,16.88,20.06,2.93,E92000001,England,39.68,23.29,16.96,20.08,2.93,E12000001,North East,41.03,20.52,16.36,22.10,3.00E06000047, County Durham,41.45,17.96,16.00,24.60,3.11E06000005, Darlington,44.20,21.35,13.81,20.64,2.79E06000001, Hartlepool,47.70,16.65,15.20,20.45,2.69E06000002, Middlesbrough,43.06,17.80,15.21,23.93,3.04E06000057, Northumberland,37.37,26.19,15.81,20.63,2.97E06000003, Redcar and Cleveland,44.63,19.12,16.62,19.63,2.83E06000004, Stockton-on-Tees,43.77,19.75,16.95,19.53,2.81E08000037, Gateshead,37.90,20.66,16.52,24.92,3.22E08000021, Newcastle upon Tyne,37.23,23.95,17.50,21.33,3.10E08000022, North Tyneside,38.62,21.67,19.58,20.14,3.02E08000023, South Tyneside,42.39,19.49,16.56,21.57,2.95E08000024, Sunderland,43.94,18.05,15.32,22.69,2.97,E12000002,North West,40.80,22.09,16.31,20.80,2.94E06000008, Blackburn with Darwen,38.43,22.55,16.35,22.67,3.13E06000009, Blackpool,43.38,21.48,14.46,20.67,2.86E06000049, Cheshire East,36.99,28.60,19.15,15.27,2.80E06000050, Cheshire West and Chester,42.49,24.49,13.83,19.20,2.77E06000006, Halton,38.78,20.27,16.69,24.25,3.19E06000007, Warrington,41.64,23.43,14.53,20.40,2.87E10000006, Cumbria,41.22,21.54,16.63,20.61,2.91E07000026, Allerdale,47.25,20.51,15.73,16.51,2.49E07000027, Barrow-in-Furness,42.38,18.41,16.90,22.31,3.02E07000028, Carlisle,39.43,20.32,15.70,24.55,3.18E07000029, Copeland,40.44,22.99,18.20,18.37,2.89E07000030, Eden,35.66,25.19,17.71,21.44,3.12E07000031, South Lakeland,40.31,23.13,16.64,19.92,2.82E08000001, Bolton,43.59,20.01,15.38,21.02,2.86E08000002, Bury,39.06,23.35,16.78,20.80,3.01E08000003, Manchester,39.25,23.31,17.64,19.81,3.00E08000004, Oldham,37.99,23.62,16.55,21.84,3.08E08000005, Rochdale,39.69,23.58,16.15,20.58,2.99E08000006, Salford,41.03,20.96,15.35,22.66,2.99E08000007, Stockport,42.19,24.70,15.48,17.64,2.68E08000008, Tameside,39.23,21.49,17.52,21.76,3.04E08000009, Trafford,39.29,23.79,16.64,20.27,2.91E08000010, Wigan,44.88,20.25,16.17,18.69,2.71E10000017, Lancashire,42.88,21.90,15.64,19.57,2.80E07000118, Chorley,41.84,24.43,15.62,18.11,2.74E07000119, Fylde,44.34,25.73,12.54,17.39,2.70E07000120, Hyndburn,40.02,20.33,19.39,20.26,3.05E07000121, Lancaster,47.47,21.74,16.12,14.67,2.40E07000122, Pendle,37.79,19.41,21.05,21.75,3.19E07000123, Preston,46.85,20.05,15.09,18.02,2.61E07000124, Ribble Valley,40.95,17.12,20.14,21.79,2.87E07000125, Rossendale,44.43,21.69,13.04,20.84,2.82E07000126, South Ribble,38.06,25.99,14.04,21.91,2.91E07000127, West Lancashire,38.57,20.82,15.36,25.25,3.18E07000128, Wyre,44.24,24.46,14.03,17.26,2.69E08000011, Knowsley,37.39,19.10,17.80,25.71,3.32E08000012, Liverpool,35.82,17.26,18.70,28.22,3.52E08000014, Sefton,40.91,21.75,15.13,22.21,2.96E08000013, St. Helens,42.72,19.39,16.95,20.94,2.97E08000015, Wirral,43.58,20.58,14.49,21.35,2.86,E12000003,Yorkshire and the Humber,40.81,21.12,16.79,21.27,2.97E06000011, East Riding of Yorkshire,45.98,19.49,16.49,18.04,2.67E06000010, Kingston upon Hull. City of,42.05,19.59,16.51,21.85,2.95E06000012, North East Lincolnshire,42.97,19.20,17.16,20.67,2.89E06000013, North Lincolnshire,44.69,20.01,16.36,18.94,2.79E06000014, York,38.70,24.85,15.09,21.36,2.97E10000023, North Yorkshire,44.94,23.36,14.41,17.29,2.57E07000163, Craven,49.72,19.45,15.70,15.14,2.38E07000164, Hambleton,49.91,21.50,12.25,16.35,2.38E07000165, Harrogate,41.68,23.28,16.07,18.96,2.75E07000166, Richmondshire,46.43,22.04,16.52,15.02,2.48E07000167, Ryedale,48.34,23.58,13.45,14.63,2.40E07000168, Scarborough,41.32,27.24,11.43,20.02,2.75E07000169, Selby,44.25,23.64,15.89,16.23,2.54E08000016, Barnsley,40.83,19.30,16.97,22.89,3.05E08000017, Doncaster,41.98,18.50,17.54,21.98,3.01E08000018, Rotherham,41.35,19.24,17.54,21.87,3.03E08000019, Sheffield,36.45,22.79,18.05,22.72,3.16E08000032, Bradford,38.07,21.77,17.68,22.47,3.16E08000033, Calderdale,41.66,22.21,15.61,20.53,2.89E08000034, Kirklees,39.99,21.48,15.81,22.71,3.05E08000035, Leeds,40.18,19.94,17.67,22.21,3.06E08000036, Wakefield,37.35,21.89,17.84,22.92,3.19,E12000004,East Midlands,41.43,22.57,16.51,19.49,2.85E06000015, Derby,41.72,18.60,17.38,22.30,2.99E06000016, Leicester,36.94,21.48,18.96,22.61,3.18E06000018, Nottingham,42.51,23.24,15.16,19.09,2.88E06000017, Rutland,42.73,23.34,12.12,21.81,2.81E10000007, Derbyshire,41.34,21.80,16.72,20.14,2.87E07000032, Amber Valley,42.03,19.90,20.59,17.48,2.76E07000033, Bolsover,46.95,13.64,16.60,22.81,2.89E07000034, Chesterfield,44.38,21.08,15.68,18.87,2.72E07000035, Derbyshire Dales,38.09,27.77,18.00,16.15,2.74E07000036, Erewash,42.79,21.41,16.18,19.61,2.78E07000037, High Peak,39.31,23.42,14.35,22.92,2.97E07000038, North East Derbyshire,38.95,22.50,16.77,21.77,3.05E07000039, South Derbyshire,37.75,25.51,14.98,21.76,3.07E10000018, Leicestershire,38.82,21.36,19.50,20.32,3.00E07000129, Blaby,35.42,27.49,20.50,16.60,2.91E07000130, Charnwood,39.43,19.09,18.04,23.44,3.13E07000131, Harborough,35.26,19.02,20.00,25.72,3.38E07000132, Hinckley and Bosworth,39.99,20.25,21.70,18.06,2.87E07000134, North West Leicestershire,40.56,21.36,17.15,20.93,2.88E07000135, Oadby and Wigston,39.73,20.67,21.74,17.87,2.89E10000019, Lincolnshire,43.82,22.65,15.37,18.16,2.70E07000137, East Lindsey,44.15,20.12,15.97,19.76,2.84E07000138, Lincoln,34.63,24.55,17.25,23.57,3.23E07000139, North Kesteven,44.09,22.67,16.62,16.62,2.56E07000140, South Holland,53.46,22.38,13.11,11.05,2.07E07000141, South Kesteven,43.41,26.55,11.60,18.43,2.65E07000142, West Lindsey,39.61,23.16,19.72,17.51,2.90E10000021, Northamptonshire,39.73,26.24,16.07,17.96,2.78E07000150, Corby,31.82,31.13,17.60,19.45,3.06E07000152, East Northamptonshire,32.20,32.12,14.86,20.82,3.01E07000153, Kettering,35.37,29.94,15.37,19.33,2.95E07000154, Northampton,43.07,21.85,18.57,16.50,2.69E07000155, South Northamptonshire,44.69,25.24,14.07,15.99,2.55E07000156, Wellingborough,40.40,21.62,14.91,23.07,2.96E10000024, Nottinghamshire,44.16,22.43,14.74,18.67,2.73E07000170, Ashfield,43.81,29.19,10.94,16.07,2.55E07000171, Bassetlaw,50.23,18.15,12.70,18.92,2.45E07000172, Broxtowe,45.37,16.44,18.24,19.95,2.79E07000173, Gedling,41.46,23.61,17.71,17.22,2.81E07000174, Mansfield,47.17,20.25,14.65,17.93,2.66E07000175, Newark and Sherwood,42.19,22.12,14.45,21.24,2.97E07000176, Rushcliffe,39.23,26.66,14.51,19.61,2.87,E12000005,West Midlands,44.19,21.92,15.73,18.17,2.70E06000019, Herefordshire. County of,38.22,25.87,15.82,20.09,2.95E06000051, Shropshire,42.53,21.06,19.07,17.34,2.79E06000021, Stoke-on-Trent,43.58,19.37,17.75,19.31,2.82E06000020, Telford and Wrekin,44.28,19.40,16.78,19.54,2.78E10000028, Staffordshire,43.53,20.99,15.98,19.50,2.78E07000192, Cannock Chase,43.83,20.97,16.37,18.83,2.79E07000193, East Staffordshire,43.16,15.80,15.98,25.06,3.06E07000194, Lichfield,41.43,22.78,15.55,20.24,2.84E07000195, Newcastle-under-Lyme,38.26,20.87,18.62,22.25,3.10E07000196, South Staffordshire,45.79,22.25,14.82,17.14,2.64E07000197, Stafford,49.28,17.33,13.57,19.82,2.56E07000198, Staffordshire Moorlands,39.19,27.69,19.38,13.74,2.67E07000199, Tamworth,47.73,22.84,13.13,16.30,2.45E10000031, Warwickshire,46.08,24.11,14.39,15.41,2.44E07000219, Nuneaton and Bedworth,41.61,24.94,15.88,17.56,2.72E07000220, Rugby,43.88,31.66,12.13,12.33,2.37E07000221, Stratford-on-Avon,49.14,21.05,15.54,14.28,2.29E07000222, Warwick,49.11,21.20,13.07,16.62,2.39E08000025, Birmingham,43.07,19.68,16.46,20.80,2.88E08000026, Coventry,41.22,28.16,14.98,15.65,2.64E08000027, Dudley,40.60,26.28,16.51,16.61,2.72E08000028, Sandwell,46.34,19.10,13.80,20.76,2.74E08000029, Solihull,41.62,25.37,14.93,18.08,2.76E08000030, Walsall,45.05,20.57,15.85,18.53,2.71E08000031, Wolverhampton,58.52,18.76,11.20,11.52,1.95E10000034, Worcestershire,45.14,22.63,15.55,16.68,2.60E07000234, Bromsgrove,43.51,20.03,19.71,16.74,2.68E07000235, Malvern Hills,42.97,24.19,18.86,13.98,2.59E07000236, Redditch,49.96,18.08,13.59,18.37,2.52E07000237, Worcester,41.03,30.43,13.11,15.43,2.54E07000238, Wychavon,50.50,21.70,13.24,14.56,2.33E07000239, Wyre Forest,42.09,20.50,16.41,21.00,2.96,E12000006,East,39.30,24.15,17.10,19.44,2.92E06000055, Bedford,34.17,27.44,18.59,19.79,2.97E06000056, Central Bedfordshire,40.09,23.02,17.76,19.12,2.89E06000032, Luton,42.84,21.95,14.99,20.22,2.82E06000031, Peterborough,40.79,20.24,18.06,20.91,2.94E06000033, Southend-on-Sea,40.68,23.75,15.61,19.96,2.90E06000034, Thurrock,41.92,20.38,16.85,20.84,2.91E10000003, Cambridgeshire,39.36,25.06,16.69,18.89,2.85E07000008, Cambridge,30.68,28.72,19.21,21.39,3.14E07000009, East Cambridgeshire,40.65,21.08,19.09,19.18,2.89E07000010, Fenland,47.93,21.92,13.02,17.13,2.55E07000011, Huntingdonshire,44.65,23.72,15.35,16.29,2.60E07000012, South Cambridgeshire,35.48,27.30,16.84,20.38,3.03E10000012, Essex,41.16,24.79,16.16,17.89,2.79E07000066, Basildon,40.28,24.08,15.58,20.07,2.88E07000067, Braintree,39.36,27.31,15.82,17.51,2.79E07000068, Brentwood,41.33,17.63,18.99,22.05,3.04E07000069, Castle Point,40.57,17.62,13.52,28.29,3.33E07000070, Chelmsford,42.09,26.33,16.97,14.61,2.61E07000071, Colchester,41.78,27.48,14.94,15.80,2.68E07000072, Epping Forest,40.17,25.13,16.96,17.74,2.79E07000073, Harlow,32.32,32.12,16.86,18.69,3.02E07000074, Maldon,44.80,22.80,12.18,20.22,2.79E07000075, Rochford,43.64,20.62,19.98,15.76,2.77E07000076, Tendring,43.03,25.10,16.80,15.08,2.63E07000077, Uttlesford,46.00,23.21,16.04,14.75,2.51E10000015, Hertfordshire,36.55,25.13,17.88,20.44,3.03E07000095, Broxbourne,42.46,21.05,16.36,20.14,2.92E07000096, Dacorum,38.02,26.76,16.10,19.12,2.94E07000242, East Hertfordshire,30.36,27.96,20.25,21.43,3.18E07000098, Hertsmere,31.77,25.56,18.81,23.86,3.28E07000099, North Hertfordshire,37.50,29.09,14.65,18.76,2.80E07000240, St Albans,35.78,23.87,19.15,21.20,3.19E07000243, Stevenage,35.12,21.30,18.66,24.91,3.36E07000102, Three Rivers,43.97,20.11,15.26,20.66,2.89E07000103, Watford,39.86,27.41,15.58,17.16,2.74E07000241, Welwyn Hatfield,34.48,24.70,22.50,18.32,3.02E10000020, Norfolk,39.54,22.87,17.46,20.13,2.98E07000143, Breckland,37.99,23.42,19.37,19.22,3.08E07000144, Broadland,35.32,24.36,19.52,20.80,3.16E07000145, Great Yarmouth,41.11,20.22,21.67,17.00,2.85E07000146, Kings Lynn and West Norfolk,43.74,22.05,15.04,19.17,2.74E07000147, North Norfolk,47.45,18.94,14.16,19.45,2.67E07000148, Norwich,37.73,22.93,16.35,22.99,3.15E07000149, South Norfolk,35.43,27.04,16.80,20.72,3.08E10000029, Suffolk,38.30,24.30,17.82,19.58,2.98E07000200, Babergh,38.57,29.20,15.96,16.27,2.75E07000202, Ipswich,33.56,24.16,19.86,22.42,3.23E07000203, Mid Suffolk,40.14,24.34,15.04,20.48,2.93E07000204, St Edmundsbury,41.92,20.67,18.77,18.65,2.83E07000205, Suffolk Coastal,34.97,24.28,20.90,19.85,3.14E07000206, Waveney,39.47,27.91,15.74,16.88,2.80,E12000007,London,34.00,26.20,18.90,20.90,3.15E09000007, Camden,24.71,35.92,16.87,22.50,3.39E09000012, Hackney,28.91,26.27,20.28,24.55,3.44E09000013, Hammersmith and Fulham,33.42,24.96,18.35,23.27,3.29E09000014, Haringey,36.25,27.20,16.37,20.17,3.00E09000019, Islington,28.38,31.94,15.98,23.70,3.45E09000020, Kensington and Chelsea,35.42,24.55,19.50,20.54,3.08E09000022, Lambeth,28.89,27.91,19.87,23.33,3.39E09000023, Lewisham,33.41,22.95,20.37,23.27,3.34E09000025, Newham,39.56,24.68,15.60,20.16,2.95E09000028, Southwark,29.86,25.91,23.15,21.09,3.33E09000030, Tower Hamlets,35.29,24.95,21.17,18.59,3.07E09000032, Wandsworth,26.36,28.37,25.44,19.82,3.44E09000033, Westminster,29.38,29.90,17.25,23.47,3.36E09000002, Barking and Dagenham,39.00,21.93,18.44,20.62,3.09E09000003, Barnet,43.60,29.36,12.94,14.10,2.44E09000004, Bexley,34.80,19.17,19.95,26.09,3.39E09000005, Brent,32.23,33.69,18.52,15.56,2.85E09000006, Bromley,35.48,23.85,20.53,20.14,3.07E09000008, Croydon,38.77,20.33,20.21,20.69,3.06E09000009, Ealing,31.19,24.30,19.01,25.50,3.44E09000010, Enfield,43.39,31.13,14.18,11.30,2.32E09000011, Greenwich,30.17,23.95,20.74,25.13,3.50E09000015, Harrow,32.98,36.97,15.40,14.65,2.69E09000016, Havering,38.39,22.04,15.50,24.07,3.18E09000017, Hillingdon,34.02,23.71,19.74,22.53,3.33E09000018, Hounslow,34.18,23.93,20.52,21.37,3.25E09000021, Kingston upon Thames,33.83,26.78,17.82,21.58,3.19E09000024, Merton,31.02,23.87,21.74,23.37,3.40E09000026, Redbridge,36.34,23.08,17.25,23.33,3.16E09000027, Richmond upon Thames,30.55,25.01,21.92,22.53,3.35E09000029, Sutton,31.88,26.32,20.74,21.06,3.26E09000031, Waltham Forest,40.29,22.79,19.69,17.22,2.85,E12000008,South East,39.70,23.57,17.02,19.71,2.90E06000036, Bracknell Forest,38.17,23.89,18.39,19.55,2.96E06000043, Brighton and Hove,34.50,23.13,19.17,23.20,3.25E06000046, Isle of Wight,47.75,20.40,13.83,18.02,2.54E06000035, Medway,43.29,19.40,17.08,20.23,2.90E06000042, Milton Keynes,38.47,23.98,15.33,22.23,3.06E06000044, Portsmouth,46.52,20.11,16.03,17.34,2.57E06000038, Reading,30.86,28.01,19.13,22.00,3.27E06000039, Slough,35.71,19.49,20.57,24.23,3.38E06000045, Southampton,40.35,22.38,15.96,21.30,2.92E06000037, West Berkshire,38.45,25.21,16.39,19.95,2.94E06000040, Windsor and Maidenhead,37.49,25.03,16.33,21.16,3.01E06000041, Wokingham,37.86,27.55,15.42,19.18,2.89E10000002, Buckinghamshire,36.73,26.73,18.16,18.38,2.95E07000004, Aylesbury Vale,34.91,25.55,20.66,18.88,3.05E07000005, Chiltern,39.54,27.93,12.56,19.97,2.85E07000006, South Bucks,36.43,27.36,18.53,17.67,2.92E07000007, Wycombe,37.38,27.15,18.14,17.33,2.91E10000011, East Sussex,41.78,20.71,16.77,20.74,2.89E07000061, Eastbourne,43.17,16.57,19.55,20.71,2.92E07000062, Hastings,43.37,19.16,16.83,20.64,2.91E07000063, Lewes,41.85,24.99,13.42,19.74,2.72E07000064, Rother,43.45,21.22,15.07,20.26,2.80E07000065, Wealden,38.86,21.58,17.84,21.73,3.02E10000014, Hampshire,44.35,22.20,15.64,17.80,2.67E07000084, Basingstoke and Deane,44.39,22.33,15.76,17.52,2.67E07000085, East Hampshire,42.29,23.82,12.82,21.07,2.88E07000086, Eastleigh,49.67,19.49,16.71,14.13,2.36E07000087, Fareham,44.74,24.20,15.50,15.55,2.55E07000088, Gosport,45.21,19.30,15.37,20.13,2.71E07000089, Hart,46.47,26.35,15.27,11.91,2.28E07000090, Havant,38.03,24.16,18.26,19.55,2.96E07000091, New Forest,43.91,19.65,15.55,20.89,2.85E07000092, Rushmoor,48.28,18.63,15.22,17.87,2.59E07000093, Test Valley,40.02,26.98,17.12,15.88,2.72E07000094, Winchester,46.16,20.38,14.24,19.21,2.67E10000016, Kent,40.93,21.72,17.37,19.97,2.90E07000105, Ashford,45.48,20.93,16.91,16.68,2.65E07000106, Canterbury,37.89,23.63,15.09,23.39,3.11E07000107, Dartford,37.89,28.23,15.93,17.95,2.91E07000108, Dover,36.82,21.22,18.64,23.32,3.20E07000109, Gravesham,x,x,x,x,2.21E07000110, Maidstone,40.41,19.20,20.37,20.02,3.01E07000111, Sevenoaks,36.25,21.25,20.51,21.99,3.16E07000112, Shepway,37.63,23.49,15.99,22.88,3.05E07000113, Swale,42.61,21.65,19.60,16.14,2.69E07000114, Thanet,38.37,24.30,15.64,21.69,2.93E07000115, Tonbridge and Malling,42.93,22.77,15.53,18.77,2.77E07000116, Tunbridge Wells,38.97,21.35,18.54,21.15,3.00E10000025, Oxfordshire,36.94,25.75,17.74,19.57,2.96E07000177, Cherwell,38.28,26.52,14.98,20.21,2.91E07000178, Oxford,29.27,26.47,23.82,20.43,3.29E07000179, South Oxfordshire,40.97,24.35,15.86,18.81,2.80E07000180, Vale of White Horse,40.79,26.81,15.49,16.91,2.70E07000181, West Oxfordshire,38.48,24.11,16.14,21.28,3.01E10000030, Surrey,36.16,27.26,17.34,19.24,2.96E07000207, Elmbridge,37.34,26.06,16.45,20.15,2.95E07000208, Epsom and Ewell,x,x,x,x,2.81E07000209, Guildford,36.41,27.73,17.45,18.41,2.93E07000210, Mole Valley,38.07,23.10,20.97,17.87,2.96E07000211, Reigate and Banstead,34.18,27.74,20.21,17.86,2.98E07000212, Runnymede,30.04,27.33,19.73,22.90,3.34E07000213, Spelthorne,32.40,25.94,20.01,21.65,3.20E07000214, Surrey Heath,34.13,30.98,18.49,16.39,2.93E07000215, Tandridge,37.61,27.35,12.30,22.74,3.10E07000216, Waverley,43.89,25.05,12.68,18.38,2.62E07000217, Woking,37.50,28.91,14.31,19.28,2.84E10000032, West Sussex,38.84,23.86,17.23,20.07,2.93E07000223, Adur,45.61,19.39,19.69,15.31,2.50E07000224, Arun,45.65,21.16,15.17,18.02,2.66E07000225, Chichester,33.60,25.86,20.36,20.18,3.13E07000226, Crawley,41.81,21.58,16.42,20.19,2.91E07000227, Horsham,31.50,25.91,17.01,25.58,3.41E07000228, Mid Sussex,43.38,23.68,12.49,20.46,2.66E07000229, Worthing,30.72,28.37,22.78,18.14,3.12,E12000009,South West,39.24,24.56,16.72,19.48,2.90E06000022, Bath and North East Somerset,34.68,26.39,17.59,21.34,3.09E06000028, Bournemouth,36.96,30.40,15.72,16.92,2.81E06000023, Bristol. City of,33.92,25.74,18.95,21.38,3.15E06000052, Cornwall,41.58,20.21,17.18,21.03,2.93E06000053, Isles of Scilly ,#,#,#,#,#E06000024, North Somerset,38.78,30.15,14.79,16.27,2.73E06000026, Plymouth,41.48,21.48,14.88,22.16,2.97E06000029, Poole,39.96,25.73,16.33,17.98,2.83E06000025, South Gloucestershire,39.72,24.86,16.28,19.15,2.85E06000030, Swindon,40.65,21.97,17.98,19.40,2.92E06000027, Torbay,42.36,21.29,16.05,20.31,2.87E06000054, Wiltshire,40.68,22.89,15.86,20.57,2.90E10000008, Devon,38.55,25.97,16.68,18.80,2.85E07000040, East Devon,38.15,28.96,15.12,17.76,2.75E07000041, Exeter,34.80,26.68,15.56,22.97,3.07E07000042, Mid Devon,36.10,28.76,16.16,18.97,2.98E07000043, North Devon,38.40,24.56,16.51,20.53,2.95E07000044, South Hams,38.53,24.88,15.60,20.99,3.01E07000045, Teignbridge,42.75,24.66,17.43,15.16,2.58E07000046, Torridge,40.87,22.42,21.85,14.86,2.65E07000047, West Devon,40.65,24.61,17.84,16.90,2.74E10000009, Dorset,42.57,24.82,14.72,17.89,2.68E07000048, Christchurch,33.89,31.72,17.58,16.80,2.84E07000049, East Dorset,38.74,26.83,13.82,20.61,2.88E07000050, North Dorset,45.07,24.51,13.44,16.99,2.49E07000051, Purbeck,43.09,22.50,17.22,17.19,2.84E07000052, West Dorset,43.51,26.12,14.11,16.26,2.58E07000053, Weymouth and Portland,49.69,17.02,14.24,19.05,2.52E10000013, Gloucestershire,39.99,22.63,18.00,19.39,2.93E07000078, Cheltenham,39.61,22.89,18.64,18.86,2.98E07000079, Cotswold,43.32,22.20,16.35,18.13,2.77E07000080, Forest of Dean,39.93,19.44,18.89,21.74,3.07E07000081, Gloucester,41.50,20.41,16.84,21.24,2.94E07000082, Stroud,40.64,22.73,15.35,21.29,2.90E07000083, Tewkesbury,34.24,28.82,23.01,13.93,2.87E10000027, Somerset,37.09,27.41,17.10,18.40,2.94E07000187, Mendip,35.63,27.77,20.82,15.78,2.89E07000188, Sedgemoor,34.45,30.65,16.00,18.91,3.01E07000189, South Somerset,41.04,26.63,14.76,17.57,2.77E07000190, Taunton Deane,31.96,29.11,17.53,21.40,3.23,W92000004,Wales,40.68,21.73,17.09,20.51,2.93W06000001, Isle of Anglesey,44.67,19.41,16.68,19.24,2.78W06000002, Gwynedd,37.22,26.92,17.73,18.13,2.91W06000003, Conwy,42.79,21.27,16.00,19.93,2.82W06000004, Denbighshire,41.02,21.12,18.52,19.34,2.91W06000005, Flintshire,43.19,22.71,15.70,18.40,2.73W06000006, Wrexham,41.42,23.39,16.03,19.16,2.83W06000023, Powys,40.29,23.41,17.17,19.13,2.87W06000008, Ceredigion,41.56,22.82,17.77,17.85,2.78W06000009, Pembrokeshire,47.91,21.74,13.38,16.98,2.51W06000010, Carmarthenshire,43.56,18.37,17.19,20.88,2.84W06000011, Swansea,40.81,19.86,17.73,21.60,2.96W06000012, Neath Port Talbot,43.16,17.00,17.42,22.42,2.98W06000013, Bridgend,39.83,21.61,17.35,21.21,2.98W06000014, Vale of Glamorgan,40.30,19.74,19.30,20.67,3.01W06000015, Cardiff,37.14,27.13,17.12,18.61,2.93W06000016, Rhondda Cynon Taf,39.71,20.86,17.05,22.38,3.07W06000024, Merthyr Tydfil,41.06,20.26,14.85,23.83,3.11W06000018, Caerphilly,37.78,22.07,16.42,23.73,3.20W06000019, Blaenau Gwent,42.48,14.43,19.22,23.87,3.13W06000020, Torfaen,44.36,17.36,16.63,21.65,2.90W06000021, Monmouthshire,38.98,22.74,17.77,20.51,2.97W06000022, Newport,37.16,21.56,18.65,22.63,3.17,S92000003,Scotland,41.40,22.34,16.55,19.70,2.87S12000033, Aberdeen City,41.67,26.37,15.13,16.84,2.70S12000034, Aberdeenshire,45.56,23.30,14.60,16.54,2.54S12000041, Angus,48.35,19.80,14.58,17.27,2.54S12000035, Argyll and Bute,44.44,20.36,16.53,18.67,2.74S12000036, City of Edinburgh,33.62,24.06,21.18,21.15,3.22S12000005, Clackmannanshire,45.35,18.09,16.50,20.06,2.78S12000006, Dumfries and Galloway,53.18,18.95,11.41,16.46,2.30S12000042, Dundee City,40.68,22.57,16.88,19.87,2.91S12000008, East Ayrshire,43.38,17.31,15.74,23.56,3.07S12000045, East Dunbartonshire,42.68,19.15,17.15,21.02,2.91S12000010, East Lothian,37.83,26.86,15.74,19.57,2.91S12000011, East Renfrewshire,41.78,23.26,16.14,18.82,2.76S12000014, Falkirk,32.97,33.32,19.02,14.69,2.82S12000015, Fife,42.97,21.92,15.64,19.47,2.81S12000046, Glasgow City,38.90,20.65,17.01,23.45,3.13S12000017, Highland,45.62,20.61,14.92,18.84,2.70S12000018, Inverclyde,39.30,17.88,16.57,26.25,3.35S12000019, Midlothian,39.23,24.93,18.16,17.69,2.83S12000020, Moray,41.53,28.46,15.69,14.32,2.57S12000013, Eilean Siar,53.65,15.95,14.53,15.86,2.30S12000021, North Ayrshire,39.54,18.58,15.96,25.92,3.25S12000044, North Lanarkshire,42.36,18.99,16.96,21.69,3.00S12000023, Orkney Islands,47.59,25.29,14.49,12.63,2.33S12000024, Perth and Kinross,43.68,24.12,13.85,18.35,2.66S12000038, Renfrewshire,44.53,17.17,15.33,22.97,2.99S12000026, Scottish Borders,46.14,22.84,15.19,15.83,2.51S12000027, Shetland Islands,48.63,22.58,14.91,13.88,2.38S12000028, South Ayrshire,40.09,20.62,16.98,22.30,3.09S12000029, South Lanarkshire,44.03,22.20,16.31,17.46,2.72S12000030, Stirling,42.14,23.48,13.97,20.40,2.77S12000039, West Dunbartonshire,41.80,18.18,16.68,23.34,3.08S12000040, West Lothian,32.86,32.87,20.79,13.48,2.78,N92000002,Northern Ireland4,37.98,26.75,15.27,20.00,3.02N09000001,Antrim and Newtownabbey,46.08,28.67,8.64,16.60,2.51N09000002,Armagh. Banbridge and Craigavon,39.65,24.08,14.41,21.86,3.09N09000003,Belfast,29.31,25.39,19.90,25.40,3.64N09000004,Causeway Coast and Glens,45.60,22.84,13.18,18.39,2.72N09000005,Derry and Strabane,27.63,24.28,19.20,28.90,3.73N09000006,Fermanagh and Omagh,55.84,18.07,12.00,14.09,2.19N09000007,Lisburn and Castlereagh,34.62,24.84,16.56,23.98,3.32N09000008,Mid and East Antrim,43.57,29.89,10.89,15.65,2.59N09000009,Mid Ulster,46.11,26.51,12.99,14.39,2.53N09000010,Newry. Mourne and Down,39.18,32.42,12.97,15.42,2.73N09000011,North Down and Ards,27.38,36.08,20.12,16.41,3.14